[149.62, 54.8732, 5.00046]
[148.871, 59.6107, 9.98904]
[147.764, 64.2041, 14.954]
[146.307, 68.6455, 19.8842]
[144.511, 72.9275, 24.7687]
[142.386, 77.043, 29.5974]
[139.941, 80.985, 34.3601]
[137.187, 84.7472, 39.0471]
[134.132, 88.3232, 43.6492]
[130.786, 91.707, 48.157]
[127.158, 94.8925, 52.5615]
[123.258, 97.8742, 56.8538]
[119.095, 100.646, 61.0252]
[114.679, 103.203, 65.0669]
[110.018, 105.539, 68.9703]
[105.123, 107.649, 72.7267]
[100.002, 109.528, 76.3275]
[94.6665, 111.169, 79.7641]
[89.1254, 112.569, 83.0276]
[83.3893, 113.721, 86.1092]
[77.4685, 114.619, 89]
[71.374, 115.26, 91.6908]
[65.1171, 115.636, 94.1725]
[58.7093, 115.743, 96.4355]
[52.1631, 115.576, 98.4703]
[45.4913, 115.128, 100.267]
[38.7074, 114.394, 101.816]
[31.8258, 113.369, 103.106]
[24.8618, 112.048, 104.127]
[17.8317, 110.424, 104.868]
[10.7528, 108.493, 105.317]
[3.64386, 106.249, 105.465]
[-3.47501, 103.688, 105.298]
[-10.5821, 100.805, 104.805]
[-17.6539, 97.5954, 103.973]
[-24.6649, 94.056, 102.792]
[-31.5875, 90.1835, 101.247]
[-38.3915, 85.976, 99.3273]
[-45.044, 81.4322, 97.0206]
[-51.5094, 76.5524, 94.3151]
[-57.7486, 71.3388, 91.1998]
[-63.7193, 65.7952, 87.6647]
[-69.3752, 59.9285, 83.7009]
[-74.6666, 53.7483, 79.3015]
[-79.5394, 47.2682, 74.4621]
[-83.9358, 40.5062, 69.1813]
[-87.7943, 33.4855, 63.462]
[-91.05, 26.2357, 57.3119]
[-93.6356, 18.7934, 50.7453]
[-95.4825, 11.2029, 43.7837]
[-96.5226, 3.51764, 36.4576]
[-96.6905, -4.20004, 28.8078]
[-95.9263, -11.8784, 20.8858]
[-94.1794, -19.4368, 12.7555]
[-91.4121, -26.7872, 4.49196]
[-87.6035, -33.8358, -3.8184]
[-82.7529, -40.486, -12.0802]
[-76.8823, -46.6416, -20.1909]
[-70.0404, -52.2133, -28.044]
[-62.301, -57.1236, -35.5364]
[-53.7595, -61.3087, -42.5729]
[-44.5295, -64.7215, -49.0689]
[-34.7375, -67.3337, -54.9543]
[-24.5168, -69.136, -60.1757]
[-14.0017, -70.1374, -64.6975]
[-3.32166, -70.3625, -68.501]
[7.40265, -69.8486, -71.5834]
[18.0625, -68.6428, -73.9551]
[28.5626, -66.7983, -75.6374]
[38.8217, -64.3719, -76.6599]
[48.7723, -61.4217, -77.0577]
[58.3594, -58.0051, -76.8697]
[67.5397, -54.1778, -76.1369]
[76.2798, -49.9926, -74.9007]
[84.5552, -45.4991, -73.2021]
[92.3485, -40.7432, -71.0811]
[99.6482, -35.7674, -68.576]
[106.448, -30.6103, -65.7234]
[112.746, -25.3076, -62.5577]
[118.542, -19.8912, -59.1111]
[123.841, -14.3906, -55.4139]
[128.647, -8.83223, -51.4943]
[132.967, -3.2402, -47.3785]
[136.81, 2.36363, -43.091]
[140.185, 7.95937, -38.6545]
[143.1, 13.5289, -34.0902]
[145.567, 19.0558, -29.4178]
[147.595, 24.525, -24.6557]
[149.196, 29.9226, -19.8212]
[150.379, 35.2359, -14.9303]
[151.155, 40.4532, -9.99821]
[151.535, 45.5637, -5.03914]
[151.528, 50.5574, -0.0665519]
[151.147, 55.4248, 4.90684]
[150.4, 60.1572, 9.86894]
[149.297, 64.7464, 14.8082]
[147.849, 69.1846, 19.7138]
[146.066, 73.4643, 24.5749]
[143.956, 77.5786, 29.3816]
[141.53, 81.5208, 34.1239]
[138.797, 85.2845, 38.7924]
[135.767, 88.8633, 43.3777]
[132.448, 92.2514, 47.8709]
[128.849, 95.4428, 52.263]
[124.98, 98.4319, 56.5452]
[120.851, 101.213, 60.709]
[116.469, 103.781, 64.7457]
[111.846, 106.13, 68.6469]
[106.988, 108.254, 72.4039]
[101.907, 110.149, 76.0084]
[96.612, 111.809, 79.4516]
[91.1121, 113.229, 82.7251]
[85.4177, 114.403, 85.8201]
[79.5391, 115.327, 88.7277]
[73.4868, 115.994, 91.439]
[67.2718, 116.4, 93.945]
[60.9056, 116.538, 96.2362]
[54.4001, 116.404, 98.3033]
[47.7679, 115.992, 100.137]
[41.0222, 115.297, 101.726]
[34.177, 114.313, 103.061]
[27.2471, 113.034, 104.132]
[20.2485, 111.455, 104.928]
[13.198, 109.572, 105.437]
[6.11384, 107.378, 105.649]
[-0.98441, 104.869, 105.552]
[-8.07563, 102.04, 105.133]
[-15.137, 98.8866, 104.382]
[-22.1436, 95.405, 103.286]
[-29.0687, 91.5919, 101.832]
[-35.8828, 87.445, 100.009]
[-42.5541, 82.9628, 97.8036]
[-49.0477, 78.1452, 95.2049]
[-55.3258, 72.9938, 92.2014]
[-61.347, 67.512, 88.7828]
[-67.0664, 61.7058, 84.9398]
[-72.4354, 55.5841, 80.665]
[-77.4015, 49.1594, 75.9532]
[-81.9081, 42.4486, 70.802]
[-85.8953, 35.4736, 65.2128]
[-89.2996, 28.2622, 59.1915]
[-92.0544, 20.8484, 52.7495]
[-94.0905, 13.2737, 45.9049]
[-95.3379, 5.58777, 38.6859]
[-95.7298, -2.14944, 31.1317]
[-95.2064, -9.86778, 23.291]
[-93.7152, -17.4883, 15.2231]
[-91.2148, -24.9241, 6.99847]
[-87.6789, -32.0823, -1.30038]
[-83.1006, -38.8663, -9.58085]
