[104.847, -49.9236, 149.771]
[109.541, -49.7739, 149.322]
[114.078, -49.5535, 148.661]
[118.46, -49.2651, 147.796]
[122.683, -48.911, 146.733]
[126.747, -48.4932, 145.48]
[130.65, -48.0139, 144.042]
[134.39, -47.4747, 142.425]
[137.966, -46.8775, 140.634]
[141.375, -46.2238, 138.673]
[144.617, -45.5151, 136.548]
[147.688, -44.7527, 134.261]
[150.587, -43.938, 131.818]
[153.31, -43.0722, 129.221]
[155.856, -42.1564, 126.475]
[158.221, -41.1916, 123.581]
[160.402, -40.1789, 120.544]
[162.395, -39.1193, 117.366]
[164.198, -38.0136, 114.051]
[165.805, -36.8628, 110.599]
[167.213, -35.6676, 107.015]
[168.417, -34.4288, 103.3]
[169.412, -33.1473, 99.4572]
[170.192, -31.8238, 95.4884]
[170.752, -30.4591, 91.3958]
[171.085, -29.0538, 87.1818]
[171.183, -27.6089, 82.8487]
[171.04, -26.1249, 78.3986]
[170.647, -24.6027, 73.8341]
[169.994, -23.0432, 69.1574]
[169.072, -21.4472, 64.3714]
[167.87, -19.8156, 59.4788]
[166.375, -18.1495, 54.4827]
[164.574, -16.4501, 49.3865]
[162.452, -14.7186, 44.1943]
[159.991, -12.9565, 38.9105]
[157.175, -11.1657, 33.5404]
[153.981, -9.34817, 28.0902]
[150.385, -7.50638, 22.5673]
[146.361, -5.64337, 16.9808]
[141.879, -3.76284, 11.3418]
[136.902, -1.86942, 5.66417]
[131.39, 0.0310216, -0.0344337]
[125.296, 1.93098, -5.73148]
[118.563, 3.82065, -11.3975]
[111.124, 5.68701, -16.9936]
[102.902, 7.51246, -22.4666]
[93.7998, 9.27261, -27.7437]
[83.7029, 10.9329, -32.7208]
[72.472, 12.4428, -37.2465]
[59.9426, 13.7263, -41.0924]
[45.9317, 14.6645, -43.902]
[30.2759, 15.0665, -45.1018]
[12.9679, 14.6216, -43.7595]
[-5.43644, 12.8574, -38.4575]
[-22.966, 9.27258, -27.6913]
[-36.1499, 3.97926, -11.7977]
[-43.1743, -1.98814, 6.11799]
[-45.1934, -7.7364, 23.3748]
[-43.958, -12.9417, 39.0012]
[-40.7135, -17.5691, 52.8926]
[-36.2228, -21.6711, 65.2071]
[-30.9475, -25.3157, 76.1482]
[-25.1744, -28.5647, 85.9022]
[-19.0878, -31.4705, 94.6258]
[-12.8104, -34.0758, 102.448]
[-6.42633, -36.4158, 109.473]
[0.00531592, -38.5194, 115.789]
[6.44186, -40.4103, 121.466]
[12.852, -42.1086, 126.566]
[19.2122, -43.6312, 131.138]
[25.5046, -44.9924, 135.226]
[31.7156, -46.2046, 138.866]
[37.8343, -47.2785, 142.091]
[43.8522, -48.2233, 144.928]
[49.7624, -49.0472, 147.403]
[55.5594, -49.7573, 149.537]
[61.2385, -50.3602, 151.348]
[66.7958, -50.8614, 152.854]
[72.2281, -51.266, 154.07]
[77.5324, -51.5786, 155.01]
[82.7063, -51.8034, 155.686]
[87.7473, -51.944, 156.11]
[92.6535, -52.0038, 156.291]
[97.4227, -51.986, 156.24]
[102.053, -51.8934, 155.963]
[106.543, -51.7285, 155.47]
[110.89, -51.4938, 154.767]
[115.092, -51.1913, 153.86]
[119.148, -50.8232, 152.757]
[123.056, -50.3912, 151.462]
[126.813, -49.8971, 149.98]
[130.418, -49.3424, 148.317]
[133.867, -48.7287, 146.476]
[137.16, -48.0573, 144.462]
[140.292, -47.3295, 142.279]
[143.263, -46.5464, 139.93]
[146.067, -45.7092, 137.419]
[148.704, -44.8189, 134.748]
[151.168, -43.8764, 131.92]
[153.457, -42.8827, 128.939]
[155.568, -41.8386, 125.807]
[157.495, -40.7449, 122.525]
[159.234, -39.6023, 119.098]
[160.782, -38.4116, 115.525]
[162.132, -37.1734, 111.81]
[163.279, -35.8884, 107.955]
[164.218, -34.5572, 103.962]
[164.942, -33.1805, 99.831]
[165.444, -31.7588, 95.5655]
[165.716, -30.2926, 91.1668]
[165.751, -28.7827, 86.6368]
[165.538, -27.2297, 81.9772]
[165.069, -25.6341, 77.1899]
[164.332, -23.9966, 72.2771]
[163.316, -22.3181, 67.241]
[162.006, -20.5993, 62.0839]
[160.39, -18.8411, 56.8087]
[158.45, -17.0446, 51.4186]
[156.168, -15.2112, 45.9173]
[153.524, -13.3422, 40.3094]
[150.494, -11.4395, 34.6003]
[147.053, -9.50532, 28.7966]
[143.17, -7.54246, 22.9067]
[138.812, -5.5544, 16.9411]
[133.938, -3.54566, 10.9132]
[128.502, -1.52204, 4.84059]
[122.451, 0.508771, -1.25379]
[115.719, 2.5365, -7.33911]
[108.229, 4.54715, -13.3734]
[99.888, 6.52123, -19.2982]
[90.5824, 8.431, -25.0302]
[80.1736, 10.2359, -30.4477]
[68.4926, 11.8745, -35.3668]
[55.3398, 13.2513, -39.5004]
[40.5016, 14.2117, -42.3846]
[23.8265, 14.4999, -43.2517]
[5.48808, 13.7011, -40.8567]
[-13.3171, 11.2543, -33.5148]
[-29.5573, 6.86845, -20.3517]
[-40.1659, 1.23685, -3.44689]
[-45.1512, -4.56478, 13.9707]
[-46.1608, -9.98068, 30.2325]
[-44.6324, -14.8679, 44.9086]
[-41.4956, -19.2391, 58.0371]
[-37.3215, -23.1484, 69.7793]
[-32.4659, -26.6535, 80.3084]
[-27.1577, -29.8056, 89.7779]
[-21.5493, -32.6477, 98.3171]
[-15.7454, -35.2156, 106.033]
