[0.000343389, -0.000140072, 0.000458162]
[0.00103176, -0.000413294, 0.00135762]
[0.00206669, -0.000813313, 0.00268299]
[0.00344984, -0.00133428, 0.00442021]
[0.00518294, -0.00197078, 0.00655635]
[0.00726788, -0.00271783, 0.00907959]
[0.00970671, -0.00357077, 0.011979]
[0.0125017, -0.00452527, 0.0152445]
[0.0156554, -0.00557731, 0.0188669]
[0.0191705, -0.0067231, 0.0228374]
[0.0230501, -0.00795909, 0.0271483]
[0.0272976, -0.00928196, 0.031792]
[0.0319166, -0.0106886, 0.0367617]
[0.0369114, -0.0121759, 0.042051]
[0.0422862, -0.0137412, 0.0476539]
[0.0480462, -0.0153817, 0.053565]
[0.0541965, -0.0170949, 0.0597789]
[0.0607431, -0.0188784, 0.0662909]
[0.0676923, -0.0207297, 0.0730962]
[0.0750512, -0.0226466, 0.0801906]
[0.0828272, -0.0246268, 0.08757]
[0.0910287, -0.0266683, 0.0952305]
[0.0996647, -0.028769, 0.103168]
[0.108745, -0.0309267, 0.11138]
[0.11828, -0.0331394, 0.119861]
[0.128282, -0.0354051, 0.12861]
[0.138763, -0.0377217, 0.137621]
[0.149737, -0.0400871, 0.146892]
[0.16122, -0.0424993, 0.156419]
[0.173228, -0.044956, 0.166198]
[0.18578, -0.047455, 0.176225]
[0.198895, -0.0499937, 0.186496]
[0.212597, -0.0525698, 0.197005]
[0.22691, -0.0551804, 0.207746]
[0.241862, -0.0578224, 0.218714]
[0.257484, -0.0604925, 0.2299]
[0.273809, -0.0631869, 0.241294]
[0.290878, -0.0659013, 0.252887]
[0.308734, -0.0686305, 0.264663]
[0.327428, -0.0713685, 0.276607]
[0.347017, -0.0741082, 0.288697]
[0.367568, -0.0768407, 0.300905]
[0.389157, -0.0795549, 0.313199]
[0.411875, -0.0822368, 0.325533]
[0.435829, -0.0848681, 0.337849]
[0.461145, -0.0874246, 0.350069]
[0.487975, -0.0898735, 0.362087]
[0.516505, -0.0921688, 0.373756]
[0.546958, -0.0942451, 0.384867]
[0.579604, -0.0960059, 0.395115]
[0.614767, -0.0973043, 0.404039]
[0.652806, -0.097909, 0.410923]
[0.694041, -0.0974451, 0.414615]
[0.738482, -0.0952994, 0.413243]
[0.785014, -0.090536, 0.403966]
[0.829692, -0.0821616, 0.383764]
[0.865575, -0.0704099, 0.353303]
[0.889037, -0.0573596, 0.318783]
[0.902391, -0.0448059, 0.285555]
[0.909146, -0.0334042, 0.255551]
[0.911803, -0.023231, 0.228972]
[0.911899, -0.0141856, 0.205493]
[0.910369, -0.00613529, 0.184699]
[0.9078, 0.00104301, 0.166213]
[0.904576, 0.00745466, 0.149718]
[0.900953, 0.0131879, 0.134955]
[0.897112, 0.0183165, 0.121712]
[0.893183, 0.022903, 0.109818]
[0.88926, 0.0270004, 0.0991308]
[0.885414, 0.0306544, 0.0895342]
[0.881698, 0.0339046, 0.08093]
[0.878155, 0.0367854, 0.073236]
[0.874815, 0.0393271, 0.0663821]
[0.871703, 0.0415562, 0.0603084]
[0.86884, 0.0434965, 0.0549632]
[0.86624, 0.0451687, 0.0503017]
[0.863916, 0.0465914, 0.0462844]
[0.861878, 0.0477814, 0.0428767]
[0.860134, 0.0487535, 0.040048]
[0.85869, 0.0495211, 0.0377709]
[0.857551, 0.0500963, 0.0360212]
[0.856723, 0.05049, 0.0347767]
[0.856209, 0.050712, 0.0340177]
[0.856012, 0.0507713, 0.0337264]
[0.856136, 0.0506762, 0.0338863]
[0.856584, 0.050434, 0.0344828]
[0.857358, 0.0500515, 0.0355023]
[0.858461, 0.0495351, 0.0369323]
[0.859896, 0.0488904, 0.0387615]
[0.861666, 0.0481228, 0.0409795]
[0.863773, 0.0472371, 0.0435766]
[0.86622, 0.0462378, 0.0465439]
[0.869012, 0.0451292, 0.0498734]
[0.872151, 0.043915, 0.0535573]
[0.87564, 0.0425989, 0.0575887]
[0.879485, 0.0411844, 0.0619611]
[0.88369, 0.0396744, 0.0666685]
[0.888259, 0.038072, 0.0717054]
[0.893197, 0.0363799, 0.0770665]
[0.898511, 0.0346008, 0.082747]
[0.904206, 0.032737, 0.0887425]
[0.910288, 0.0307908, 0.0950489]
[0.916766, 0.0287646, 0.101662]
[0.923647, 0.0266603, 0.108579]
[0.930939, 0.02448, 0.115795]
[0.938651, 0.0222255, 0.123308]
[0.946794, 0.0198987, 0.131115]
[0.955379, 0.0175015, 0.139212]
[0.964417, 0.0150356, 0.147598]
[0.973921, 0.0125026, 0.156268]
[0.983906, 0.00990435, 0.165221]
[0.994388, 0.00724257, 0.174454]
[1.00538, 0.004519, 0.183964]
[1.01691, 0.00173546, 0.193747]
[1.02899, -0.00110614, 0.203802]
[1.04164, -0.00400378, 0.214124]
[1.0549, -0.00695527, 0.224709]
[1.06878, -0.00995822, 0.235552]
[1.08332, -0.0130099, 0.246649]
[1.09856, -0.0161073, 0.257993]
[1.11454, -0.0192469, 0.269575]
[1.13129, -0.0224244, 0.281386]
[1.14887, -0.0256349, 0.293414]
[1.16734, -0.0288723, 0.305643]
[1.18677, -0.032129, 0.318053]
[1.20722, -0.0353956, 0.330618]
[1.2288, -0.0386599, 0.343305]
[1.25161, -0.0419062, 0.356069]
[1.27578, -0.0451135, 0.36885]
[1.30145, -0.0482535, 0.381564]
[1.32881, -0.051287, 0.394095]
[1.35809, -0.0541583, 0.40628]
[1.38956, -0.0567862, 0.417875]
[1.42355, -0.0590484, 0.428513]
[1.46046, -0.0607539, 0.437622]
[1.5007, -0.0615941, 0.444275]
[1.54459, -0.0610582, 0.446937]
[1.59176, -0.0583182, 0.443118]
[1.63982, -0.0522534, 0.429449]
[1.6827, -0.0422843, 0.404182]
[1.71426, -0.0297999, 0.371475]
[1.73451, -0.0169553, 0.337784]
[1.74673, -0.00486602, 0.306445]
[1.7538, 0.00617694, 0.278314]
[1.75756, 0.0161932, 0.253313]
[1.75916, 0.0252836, 0.231112]
[1.7593, 0.0335558, 0.211361]
[1.75844, 0.0411035, 0.193744]
[1.75687, 0.0480036, 0.177996]
[1.7548, 0.0543179, 0.163892]
